Consumo;Dia;Mes;Año;DiaSemana;Feriado
716;20;10;1995;Viernes;0
605;21;10;1995;Sábado;1
555;22;10;1995;Domingo;1
680;23;10;1995;Lunes;0
713;24;10;1995;Martes;0
710;25;10;1995;Miércoles;0
666;26;10;1995;Jueves;0
634;27;10;1995;Viernes;0
578;28;10;1995;Sábado;0
497;29;10;1995;Domingo;1
589;30;10;1995;Lunes;0
577;31;10;1995;Martes;1
565;1;11;1995;Miércoles;1
673;2;11;1995;Jueves;0
659;3;11;1995;Viernes;0
632;4;11;1995;Sábado;0
530;5;11;1995;Domingo;1
668;6;11;1995;Lunes;1
767;7;11;1995;Martes;0
633;8;11;1995;Miércoles;0
653;9;11;1995;Jueves;0
592;10;11;1995;Viernes;0
470;11;11;1995;Sábado;0
452;12;11;1995;Domingo;1
562;13;11;1995;Lunes;0
553;14;11;1995;Martes;0
536;15;11;1995;Miércoles;0
535;16;11;1995;Jueves;0
514;17;11;1995;Viernes;0
481;18;11;1995;Sábado;0
450;19;11;1995;Domingo;1
552;20;11;1995;Lunes;0
590;21;11;1995;Martes;0
594;22;11;1995;Miércoles;0
546;23;11;1995;Jueves;1
666;24;11;1995;Viernes;0
600;25;11;1995;Sábado;0
572;26;11;1995;Domingo;1
525;27;11;1995;Lunes;0
607;28;11;1995;Martes;0
605;29;11;1995;Miércoles;0
568;30;11;1995;Jueves;0
544;1;12;1995;Viernes;0
528;2;12;1995;Sábado;0
488;3;12;1995;Domingo;1
640;4;12;1995;Lunes;0
546;5;12;1995;Martes;0
583;6;12;1995;Miércoles;0
516;7;12;1995;Jueves;0
460;8;12;1995;Viernes;1
475;9;12;1995;Sábado;0
471;10;12;1995;Domingo;1
581;11;12;1995;Lunes;0
582;12;12;1995;Martes;0
569;13;12;1995;Miércoles;0
632;14;12;1995;Jueves;0
655;15;12;1995;Viernes;0
595;16;12;1995;Sábado;0
531;17;12;1995;Domingo;1
558;18;12;1995;Lunes;1
467;19;12;1995;Martes;0
472;20;12;1995;Miércoles;0
555;21;12;1995;Jueves;0
523;22;12;1995;Viernes;0
468;23;12;1995;Sábado;0
400;24;12;1995;Domingo;1
335;25;12;1995;Lunes;1
379;26;12;1995;Martes;0
389;27;12;1995;Miércoles;0
437;28;12;1995;Jueves;0
426;29;12;1995;Viernes;0
451;30;12;1995;Sábado;0
400;31;12;1995;Domingo;1
354;1;1;1996;Lunes;1
395;2;1;1996;Martes;0
466;3;1;1996;Miércoles;0
519;4;1;1996;Jueves;0
516;5;1;1996;Viernes;0
512;6;1;1996;Sábado;0
526;7;1;1996;Domingo;1
580;8;1;1996;Lunes;0
628;9;1;1996;Martes;0
596;10;1;1996;Miércoles;0
555;11;1;1996;Jueves;0
557;12;1;1996;Viernes;0
525;13;1;1996;Sábado;0
453;14;1;1996;Domingo;1
551;15;1;1996;Lunes;0
495;16;1;1996;Martes;0
543;17;1;1996;Miércoles;0
489;18;1;1996;Jueves;0
472;19;1;1996;Viernes;0
420;20;1;1996;Sábado;0
408;21;1;1996;Domingo;1
503;22;1;1996;Lunes;0
468;23;1;1996;Martes;0
510;24;1;1996;Miércoles;0
536;25;1;1996;Jueves;0
536;26;1;1996;Viernes;0
527;27;1;1996;Sábado;0
459;28;1;1996;Domingo;1
523;29;1;1996;Lunes;0
523;30;1;1996;Martes;0
497;31;1;1996;Miércoles;0
470;1;2;1996;Jueves;0
446;2;2;1996;Viernes;0
503;3;2;1996;Sábado;0
485;4;2;1996;Domingo;1
523;5;2;1996;Lunes;0
498;6;2;1996;Martes;0
483;7;2;1996;Miércoles;0
520;8;2;1996;Jueves;0
542;9;2;1996;Viernes;0
540;10;2;1996;Sábado;0
434;11;2;1996;Domingo;1
457;12;2;1996;Lunes;0
513;13;2;1996;Martes;0
502;14;2;1996;Miércoles;0
506;15;2;1996;Jueves;0
477;16;2;1996;Viernes;0
482;17;2;1996;Sábado;0
438;18;2;1996;Domingo;1
524;19;2;1996;Lunes;0
530;20;2;1996;Martes;0
564;21;2;1996;Miércoles;0
615;22;2;1996;Jueves;0
607;23;2;1996;Viernes;0
636;24;2;1996;Sábado;0
564;25;2;1996;Domingo;1
611;26;2;1996;Lunes;0
613;27;2;1996;Martes;0
590;28;2;1996;Miércoles;0
525;29;2;1996;Jueves;0
550;1;3;1996;Viernes;0
519;2;3;1996;Sábado;0
489;3;3;1996;Domingo;1
579;4;3;1996;Lunes;0
529;5;3;1996;Martes;0
556;6;3;1996;Miércoles;0
610;7;3;1996;Jueves;0
642;8;3;1996;Viernes;0
572;9;3;1996;Sábado;0
478;10;3;1996;Domingo;1
567;11;3;1996;Lunes;0
721;12;3;1996;Martes;0
668;13;3;1996;Miércoles;0
648;14;3;1996;Jueves;0
693;15;3;1996;Viernes;0
605;16;3;1996;Sábado;0
558;17;3;1996;Domingo;1
594;18;3;1996;Lunes;0
565;19;3;1996;Martes;0
577;20;3;1996;Miércoles;0
616;21;3;1996;Jueves;0
597;22;3;1996;Viernes;0
495;23;3;1996;Sábado;0
580;24;3;1996;Domingo;1
717;25;3;1996;Lunes;0
770;26;3;1996;Martes;0
730;27;3;1996;Miércoles;0
675;28;3;1996;Jueves;0
658;29;3;1996;Viernes;0
601;30;3;1996;Sábado;0
592;31;3;1996;Domingo;1
719;1;4;1996;Lunes;0
742;2;4;1996;Martes;0
720;3;4;1996;Miércoles;0
722;4;4;1996;Jueves;0
668;5;4;1996;Viernes;1
644;6;4;1996;Sábado;0
671;7;4;1996;Domingo;1
776;8;4;1996;Lunes;0
726;9;4;1996;Martes;0
657;10;4;1996;Miércoles;0
691;11;4;1996;Jueves;0
660;12;4;1996;Viernes;0
668;13;4;1996;Sábado;0
644;14;4;1996;Domingo;1
702;15;4;1996;Lunes;0
703;16;4;1996;Martes;0
701;17;4;1996;Miércoles;0
768;18;4;1996;Jueves;0
728;19;4;1996;Viernes;0
704;20;4;1996;Sábado;0
657;21;4;1996;Domingo;1
781;22;4;1996;Lunes;0
774;23;4;1996;Martes;0
736;24;4;1996;Miércoles;0
737;25;4;1996;Jueves;0
773;26;4;1996;Viernes;0
740;27;4;1996;Sábado;0
686;28;4;1996;Domingo;1
806;29;4;1996;Lunes;0
768;30;4;1996;Martes;0
680;1;5;1996;Miércoles;1
796;2;5;1996;Jueves;0
799;3;5;1996;Viernes;0
733;4;5;1996;Sábado;0
680;5;5;1996;Domingo;1
732;6;5;1996;Lunes;0
774;7;5;1996;Martes;0
783;8;5;1996;Miércoles;0
811;9;5;1996;Jueves;0
813;10;5;1996;Viernes;0
747;11;5;1996;Sábado;0
680;12;5;1996;Domingo;1
766;13;5;1996;Lunes;0
748;14;5;1996;Martes;0
746;15;5;1996;Miércoles;0
739;16;5;1996;Jueves;0
791;17;5;1996;Viernes;0
866;18;5;1996;Sábado;0
816;19;5;1996;Domingo;1
842;20;5;1996;Lunes;0
749;21;5;1996;Martes;1
828;22;5;1996;Miércoles;0
753;23;5;1996;Jueves;0
761;24;5;1996;Viernes;0
677;25;5;1996;Sábado;0
635;26;5;1996;Domingo;1
682;27;5;1996;Lunes;0
830;28;5;1996;Martes;0
848;29;5;1996;Miércoles;0
743;30;5;1996;Jueves;0
685;31;5;1996;Viernes;1
618;1;6;1996;Sábado;0
652;2;6;1996;Domingo;1
747;3;6;1996;Lunes;0
819;4;6;1996;Martes;0
881;5;6;1996;Miércoles;0
779;6;6;1996;Jueves;0
851;7;6;1996;Viernes;0
849;8;6;1996;Sábado;0
836;9;6;1996;Domingo;1
901;10;6;1996;Lunes;0
920;11;6;1996;Martes;0
963;12;6;1996;Miércoles;0
979;13;6;1996;Jueves;0
967;14;6;1996;Viernes;0
900;15;6;1996;Sábado;0
895;16;6;1996;Domingo;1
962;17;6;1996;Lunes;0
997;18;6;1996;Martes;0
913;19;6;1996;Miércoles;0
997;20;6;1996;Jueves;1
962;21;6;1996;Viernes;0
897;22;6;1996;Sábado;0
865;23;6;1996;Domingo;1
956;24;6;1996;Lunes;0
975;25;6;1996;Martes;0
1003;26;6;1996;Miércoles;0
914;27;6;1996;Jueves;0
894;28;6;1996;Viernes;0
765;29;6;1996;Sábado;1
777;30;6;1996;Domingo;1
911;1;7;1996;Lunes;0
930;2;7;1996;Martes;0
943;3;7;1996;Miércoles;0
953;4;7;1996;Jueves;0
979;5;7;1996;Viernes;0
937;6;7;1996;Sábado;0
874;7;7;1996;Domingo;1
897;8;7;1996;Lunes;0
879;9;7;1996;Martes;0
894;10;7;1996;Miércoles;0
897;11;7;1996;Jueves;0
921;12;7;1996;Viernes;0
890;13;7;1996;Sábado;0
806;14;7;1996;Domingo;1
842;15;7;1996;Lunes;0
812;16;7;1996;Martes;1
824;17;7;1996;Miércoles;0
819;18;7;1996;Jueves;0
903;19;7;1996;Viernes;0
835;20;7;1996;Sábado;0
672;21;7;1996;Domingo;1
777;22;7;1996;Lunes;0
814;23;7;1996;Martes;0
829;24;7;1996;Miércoles;0
774;25;7;1996;Jueves;0
818;26;7;1996;Viernes;0
796;27;7;1996;Sábado;0
715;28;7;1996;Domingo;1
877;29;7;1996;Lunes;0
936;30;7;1996;Martes;0
953;31;7;1996;Miércoles;0
945;1;8;1996;Jueves;0
889;2;8;1996;Viernes;0
838;3;8;1996;Sábado;0
779;4;8;1996;Domingo;1
928;5;8;1996;Lunes;0
912;6;8;1996;Martes;0
912;7;8;1996;Miércoles;0
882;8;8;1996;Jueves;0
908;9;8;1996;Viernes;0
883;10;8;1996;Sábado;0
864;11;8;1996;Domingo;1
882;12;8;1996;Lunes;0
893;13;8;1996;Martes;0
865;14;8;1996;Miércoles;0
827;15;8;1996;Jueves;1
956;16;8;1996;Viernes;0
853;17;8;1996;Sábado;0
792;18;8;1996;Domingo;1
875;19;8;1996;Lunes;0
850;20;8;1996;Martes;0
927;21;8;1996;Miércoles;0
886;22;8;1996;Jueves;0
897;23;8;1996;Viernes;0
890;24;8;1996;Sábado;0
843;25;8;1996;Domingo;1
773;26;8;1996;Lunes;0
763;27;8;1996;Martes;0
777;28;8;1996;Miércoles;0
766;29;8;1996;Jueves;0
783;30;8;1996;Viernes;0
790;31;8;1996;Sábado;0
762;1;9;1996;Domingo;1
815;2;9;1996;Lunes;0
864;3;9;1996;Martes;0
836;4;9;1996;Miércoles;0
868;5;9;1996;Jueves;0
810;6;9;1996;Viernes;0
795;7;9;1996;Sábado;0
774;8;9;1996;Domingo;1
795;9;9;1996;Lunes;0
841;10;9;1996;Martes;0
746;11;9;1996;Miércoles;0
810;12;9;1996;Jueves;0
839;13;9;1996;Viernes;0
814;14;9;1996;Sábado;0
760;15;9;1996;Domingo;1
706;16;9;1996;Lunes;0
659;17;9;1996;Martes;0
595;18;9;1996;Miércoles;1
594;19;9;1996;Jueves;1
641;20;9;1996;Viernes;0
698;21;9;1996;Sábado;1
646;22;9;1996;Domingo;1
715;23;9;1996;Lunes;0
651;24;9;1996;Martes;0
569;25;9;1996;Miércoles;0
583;26;9;1996;Jueves;0
564;27;9;1996;Viernes;0
595;28;9;1996;Sábado;0
641;29;9;1996;Domingo;1
675;30;9;1996;Lunes;0
731;1;10;1996;Martes;0
762;2;10;1996;Miércoles;0
665;3;10;1996;Jueves;0
720;4;10;1996;Viernes;0
711;5;10;1996;Sábado;0
696;6;10;1996;Domingo;1
792;7;10;1996;Lunes;0
768;8;10;1996;Martes;0
701;9;10;1996;Miércoles;0
663;10;10;1996;Jueves;0
689;11;10;1996;Viernes;0
719;12;10;1996;Sábado;1
624;13;10;1996;Domingo;1
671;14;10;1996;Lunes;0
668;15;10;1996;Martes;0
747;16;10;1996;Miércoles;0
787;17;10;1996;Jueves;0
797;18;10;1996;Viernes;0
773;19;10;1996;Sábado;0
685;20;10;1996;Domingo;1
716;21;10;1996;Lunes;1
649;22;10;1996;Martes;0
696;23;10;1996;Miércoles;0
657;24;10;1996;Jueves;0
613;25;10;1996;Viernes;0
588;26;10;1996;Sábado;0
531;27;10;1996;Domingo;1
559;28;10;1996;Lunes;0
542;29;10;1996;Martes;0
549;30;10;1996;Miércoles;0
552;31;10;1996;Jueves;1
558;1;11;1996;Viernes;1
565;2;11;1996;Sábado;0
588;3;11;1996;Domingo;1
587;4;11;1996;Lunes;0
656;5;11;1996;Martes;0
677;6;11;1996;Miércoles;1
671;7;11;1996;Jueves;0
638;8;11;1996;Viernes;0
573;9;11;1996;Sábado;0
579;10;11;1996;Domingo;1
739;11;11;1996;Lunes;0
640;12;11;1996;Martes;0
705;13;11;1996;Miércoles;0
714;14;11;1996;Jueves;0
619;15;11;1996;Viernes;0
566;16;11;1996;Sábado;0
586;17;11;1996;Domingo;1
641;18;11;1996;Lunes;0
610;19;11;1996;Martes;0
609;20;11;1996;Miércoles;0
555;21;11;1996;Jueves;0
582;22;11;1996;Viernes;0
588;23;11;1996;Sábado;1
449;24;11;1996;Domingo;1
571;25;11;1996;Lunes;0
572;26;11;1996;Martes;0
618;27;11;1996;Miércoles;0
550;28;11;1996;Jueves;0
567;29;11;1996;Viernes;0
514;30;11;1996;Sábado;0
548;1;12;1996;Domingo;1
601;2;12;1996;Lunes;0
615;3;12;1996;Martes;0
529;4;12;1996;Miércoles;0
500;5;12;1996;Jueves;0
492;6;12;1996;Viernes;0
522;7;12;1996;Sábado;0
479;8;12;1996;Domingo;1
494;9;12;1996;Lunes;0
446;10;12;1996;Martes;0
445;11;12;1996;Miércoles;0
439;12;12;1996;Jueves;0
459;13;12;1996;Viernes;0
477;14;12;1996;Sábado;0
531;15;12;1996;Domingo;1
579;16;12;1996;Lunes;0
594;17;12;1996;Martes;0
504;18;12;1996;Miércoles;1
585;19;12;1996;Jueves;0
606;20;12;1996;Viernes;0
620;21;12;1996;Sábado;0
563;22;12;1996;Domingo;1
550;23;12;1996;Lunes;0
560;24;12;1996;Martes;0
502;25;12;1996;Miércoles;1
538;26;12;1996;Jueves;0
528;27;12;1996;Viernes;0
481;28;12;1996;Sábado;0
478;29;12;1996;Domingo;1
589;30;12;1996;Lunes;0
592;31;12;1996;Martes;0
396;1;1;1997;Miércoles;1
526;2;1;1997;Jueves;0
582;3;1;1997;Viernes;0
519;4;1;1997;Sábado;0
562;5;1;1997;Domingo;1
548;6;1;1997;Lunes;0
590;7;1;1997;Martes;0
531;8;1;1997;Miércoles;0
575;9;1;1997;Jueves;0
470;10;1;1997;Viernes;0
465;11;1;1997;Sábado;0
466;12;1;1997;Domingo;1
559;13;1;1997;Lunes;0
532;14;1;1997;Martes;0
529;15;1;1997;Miércoles;0
520;16;1;1997;Jueves;0
457;17;1;1997;Viernes;0
382;18;1;1997;Sábado;0
333;19;1;1997;Domingo;1
445;20;1;1997;Lunes;0
379;21;1;1997;Martes;0
385;22;1;1997;Miércoles;0
402;23;1;1997;Jueves;0
450;24;1;1997;Viernes;0
517;25;1;1997;Sábado;0
463;26;1;1997;Domingo;1
480;27;1;1997;Lunes;0
550;28;1;1997;Martes;0
548;29;1;1997;Miércoles;0
518;30;1;1997;Jueves;0
520;31;1;1997;Viernes;0
537;1;2;1997;Sábado;0
474;2;2;1997;Domingo;1
572;3;2;1997;Lunes;0
538;4;2;1997;Martes;0
579;5;2;1997;Miércoles;0
521;6;2;1997;Jueves;0
535;7;2;1997;Viernes;0
568;8;2;1997;Sábado;0
546;9;2;1997;Domingo;1
545;10;2;1997;Lunes;0
540;11;2;1997;Martes;0
463;12;2;1997;Miércoles;0
478;13;2;1997;Jueves;0
518;14;2;1997;Viernes;0
470;15;2;1997;Sábado;0
506;16;2;1997;Domingo;1
583;17;2;1997;Lunes;0
589;18;2;1997;Martes;0
552;19;2;1997;Miércoles;0
544;20;2;1997;Jueves;0
597;21;2;1997;Viernes;0
642;22;2;1997;Sábado;0
479;23;2;1997;Domingo;1
546;24;2;1997;Lunes;0
563;25;2;1997;Martes;0
494;26;2;1997;Miércoles;0
536;27;2;1997;Jueves;0
568;28;2;1997;Viernes;0
497;1;3;1997;Sábado;0
434;2;3;1997;Domingo;1
473;3;3;1997;Lunes;0
483;4;3;1997;Martes;0
523;5;3;1997;Miércoles;0
551;6;3;1997;Jueves;0
599;7;3;1997;Viernes;0
646;8;3;1997;Sábado;0
571;9;3;1997;Domingo;1
604;10;3;1997;Lunes;0
551;11;3;1997;Martes;0
565;12;3;1997;Miércoles;0
546;13;3;1997;Jueves;0
543;14;3;1997;Viernes;0
570;15;3;1997;Sábado;0
518;16;3;1997;Domingo;1
540;17;3;1997;Lunes;0
540;18;3;1997;Martes;0
658;19;3;1997;Miércoles;0
616;20;3;1997;Jueves;0
628;21;3;1997;Viernes;0
653;22;3;1997;Sábado;0
623;23;3;1997;Domingo;1
657;24;3;1997;Lunes;0
589;25;3;1997;Martes;0
565;26;3;1997;Miércoles;0
609;27;3;1997;Jueves;0
603;28;3;1997;Viernes;1
669;29;3;1997;Sábado;0
621;30;3;1997;Domingo;1
647;31;3;1997;Lunes;0
710;1;4;1997;Martes;0
742;2;4;1997;Miércoles;0
698;3;4;1997;Jueves;0
742;4;4;1997;Viernes;0
600;5;4;1997;Sábado;0
592;6;4;1997;Domingo;1
639;7;4;1997;Lunes;0
757;8;4;1997;Martes;0
778;9;4;1997;Miércoles;0
743;10;4;1997;Jueves;0
700;11;4;1997;Viernes;0
664;12;4;1997;Sábado;0
648;13;4;1997;Domingo;1
718;14;4;1997;Lunes;0
763;15;4;1997;Martes;0
822;16;4;1997;Miércoles;0
904;17;4;1997;Jueves;0
850;18;4;1997;Viernes;0
889;19;4;1997;Sábado;0
743;20;4;1997;Domingo;1
822;21;4;1997;Lunes;0
865;22;4;1997;Martes;0
800;23;4;1997;Miércoles;0
869;24;4;1997;Jueves;0
821;25;4;1997;Viernes;0
717;26;4;1997;Sábado;0
727;27;4;1997;Domingo;1
745;28;4;1997;Lunes;0
810;29;4;1997;Martes;0
905;30;4;1997;Miércoles;0
878;1;5;1997;Jueves;1
879;2;5;1997;Viernes;0
856;3;5;1997;Sábado;0
745;4;5;1997;Domingo;1
856;5;5;1997;Lunes;0
816;6;5;1997;Martes;0
770;7;5;1997;Miércoles;0
767;8;5;1997;Jueves;0
763;9;5;1997;Viernes;0
726;10;5;1997;Sábado;0
672;11;5;1997;Domingo;1
761;12;5;1997;Lunes;0
963;13;5;1997;Martes;0
971;14;5;1997;Miércoles;0
925;15;5;1997;Jueves;0
979;16;5;1997;Viernes;0
916;17;5;1997;Sábado;0
858;18;5;1997;Domingo;1
921;19;5;1997;Lunes;0
939;20;5;1997;Martes;0
845;21;5;1997;Miércoles;1
912;22;5;1997;Jueves;0
907;23;5;1997;Viernes;0
872;24;5;1997;Sábado;0
865;25;5;1997;Domingo;1
942;26;5;1997;Lunes;0
963;27;5;1997;Martes;0
934;28;5;1997;Miércoles;0
778;29;5;1997;Jueves;0
864;30;5;1997;Viernes;0
795;31;5;1997;Sábado;1
759;1;6;1997;Domingo;1
785;2;6;1997;Lunes;0
837;3;6;1997;Martes;0
900;4;6;1997;Miércoles;0
869;5;6;1997;Jueves;0
897;6;6;1997;Viernes;0
862;7;6;1997;Sábado;0
866;8;6;1997;Domingo;1
975;9;6;1997;Lunes;0
1019;10;6;1997;Martes;0
973;11;6;1997;Miércoles;0
964;12;6;1997;Jueves;0
938;13;6;1997;Viernes;0
911;14;6;1997;Sábado;0
827;15;6;1997;Domingo;1
891;16;6;1997;Lunes;0
885;17;6;1997;Martes;0
862;18;6;1997;Miércoles;0
898;19;6;1997;Jueves;0
865;20;6;1997;Viernes;1
903;21;6;1997;Sábado;0
868;22;6;1997;Domingo;1
1006;23;6;1997;Lunes;0
1053;24;6;1997;Martes;0
1040;25;6;1997;Miércoles;0
1019;26;6;1997;Jueves;0
952;27;6;1997;Viernes;0
938;28;6;1997;Sábado;0
880;29;6;1997;Domingo;1
958;30;6;1997;Lunes;0
1005;1;7;1997;Martes;0
1000;2;7;1997;Miércoles;0
1042;3;7;1997;Jueves;0
1035;4;7;1997;Viernes;0
1023;5;7;1997;Sábado;0
1016;6;7;1997;Domingo;1
1072;7;7;1997;Lunes;0
1004;8;7;1997;Martes;0
977;9;7;1997;Miércoles;0
1010;10;7;1997;Jueves;0
975;11;7;1997;Viernes;0
899;12;7;1997;Sábado;0
884;13;7;1997;Domingo;1
1036;14;7;1997;Lunes;0
1048;15;7;1997;Martes;0
991;16;7;1997;Miércoles;1
919;17;7;1997;Jueves;0
918;18;7;1997;Viernes;0
925;19;7;1997;Sábado;0
813;20;7;1997;Domingo;1
837;21;7;1997;Lunes;0
885;22;7;1997;Martes;0
941;23;7;1997;Miércoles;0
909;24;7;1997;Jueves;0
924;25;7;1997;Viernes;0
913;26;7;1997;Sábado;0
923;27;7;1997;Domingo;1
1017;28;7;1997;Lunes;0
1023;29;7;1997;Martes;0
1092;30;7;1997;Miércoles;0
982;31;7;1997;Jueves;0
972;1;8;1997;Viernes;0
990;2;8;1997;Sábado;0
927;3;8;1997;Domingo;1
945;4;8;1997;Lunes;0
921;5;8;1997;Martes;0
961;6;8;1997;Miércoles;0
940;7;8;1997;Jueves;0
809;8;8;1997;Viernes;0
814;9;8;1997;Sábado;0
781;10;8;1997;Domingo;1
876;11;8;1997;Lunes;0
881;12;8;1997;Martes;0
891;13;8;1997;Miércoles;0
893;14;8;1997;Jueves;0
783;15;8;1997;Viernes;1
834;16;8;1997;Sábado;0
814;17;8;1997;Domingo;1
893;18;8;1997;Lunes;0
931;19;8;1997;Martes;0
923;20;8;1997;Miércoles;0
821;21;8;1997;Jueves;0
890;22;8;1997;Viernes;0
746;23;8;1997;Sábado;0
789;24;8;1997;Domingo;1
883;25;8;1997;Lunes;0
955;26;8;1997;Martes;0
879;27;8;1997;Miércoles;0
903;28;8;1997;Jueves;0
902;29;8;1997;Viernes;0
993;30;8;1997;Sábado;0
903;31;8;1997;Domingo;1
894;1;9;1997;Lunes;0
869;2;9;1997;Martes;0
830;3;9;1997;Miércoles;0
846;4;9;1997;Jueves;0
867;5;9;1997;Viernes;0
853;6;9;1997;Sábado;0
803;7;9;1997;Domingo;1
830;8;9;1997;Lunes;0
791;9;9;1997;Martes;0
805;10;9;1997;Miércoles;0
799;11;9;1997;Jueves;0
833;12;9;1997;Viernes;0
901;13;9;1997;Sábado;0
823;14;9;1997;Domingo;1
878;15;9;1997;Lunes;0
814;16;9;1997;Martes;0
832;17;9;1997;Miércoles;0
673;18;9;1997;Jueves;1
675;19;9;1997;Viernes;1
781;20;9;1997;Sábado;0
668;21;9;1997;Domingo;1
734;22;9;1997;Lunes;0
759;23;9;1997;Martes;0
702;24;9;1997;Miércoles;0
696;25;9;1997;Jueves;0
771;26;9;1997;Viernes;0
781;27;9;1997;Sábado;0
776;28;9;1997;Domingo;1
753;29;9;1997;Lunes;1
839;30;9;1997;Martes;0
842;1;10;1997;Miércoles;0
733;2;10;1997;Jueves;0
650;3;10;1997;Viernes;0
643;4;10;1997;Sábado;0
672;5;10;1997;Domingo;1
732;6;10;1997;Lunes;0
699;7;10;1997;Martes;0
733;8;10;1997;Miércoles;0
710;9;10;1997;Jueves;0
714;10;10;1997;Viernes;0
739;11;10;1997;Sábado;0
581;12;10;1997;Domingo;1
691;13;10;1997;Lunes;0
657;14;10;1997;Martes;0
629;15;10;1997;Miércoles;0
601;16;10;1997;Jueves;0
602;17;10;1997;Viernes;0
599;18;10;1997;Sábado;0
624;19;10;1997;Domingo;1
636;20;10;1997;Lunes;0
729;21;10;1997;Martes;1
804;22;10;1997;Miércoles;0
734;23;10;1997;Jueves;0
744;24;10;1997;Viernes;0
749;25;10;1997;Sábado;0
652;26;10;1997;Domingo;1
677;27;10;1997;Lunes;0
698;28;10;1997;Martes;0
652;29;10;1997;Miércoles;0
694;30;10;1997;Jueves;0
720;31;10;1997;Viernes;1
655;1;11;1997;Sábado;1
591;2;11;1997;Domingo;1
583;3;11;1997;Lunes;0
496;4;11;1997;Martes;0
497;5;11;1997;Miércoles;0
548;6;11;1997;Jueves;1
559;7;11;1997;Viernes;0
611;8;11;1997;Sábado;0
594;9;11;1997;Domingo;1
580;10;11;1997;Lunes;0
650;11;11;1997;Martes;0
628;12;11;1997;Miércoles;0
662;13;11;1997;Jueves;0
662;14;11;1997;Viernes;0
591;15;11;1997;Sábado;0
499;16;11;1997;Domingo;1
521;17;11;1997;Lunes;0
524;18;11;1997;Martes;0
544;19;11;1997;Miércoles;0
567;20;11;1997;Jueves;0
580;21;11;1997;Viernes;0
610;22;11;1997;Sábado;0
560;23;11;1997;Domingo;1
548;24;11;1997;Lunes;0
582;25;11;1997;Martes;0
646;26;11;1997;Miércoles;0
619;27;11;1997;Jueves;0
593;28;11;1997;Viernes;0
500;29;11;1997;Sábado;0
504;30;11;1997;Domingo;1
707;1;12;1997;Lunes;0
643;2;12;1997;Martes;0
629;3;12;1997;Miércoles;0
621;4;12;1997;Jueves;0
549;5;12;1997;Viernes;0
522;6;12;1997;Sábado;0
504;7;12;1997;Domingo;1
497;8;12;1997;Lunes;1
523;9;12;1997;Martes;0
531;10;12;1997;Miércoles;0
551;11;12;1997;Jueves;0
514;12;12;1997;Viernes;0
550;13;12;1997;Sábado;0
584;14;12;1997;Domingo;1
610;15;12;1997;Lunes;0
530;16;12;1997;Martes;0
561;17;12;1997;Miércoles;0
577;18;12;1997;Jueves;1
572;19;12;1997;Viernes;0
571;20;12;1997;Sábado;0
514;21;12;1997;Domingo;1
558;22;12;1997;Lunes;0
502;23;12;1997;Martes;0
538;24;12;1997;Miércoles;0
474;25;12;1997;Jueves;1
627;26;12;1997;Viernes;0
576;27;12;1997;Sábado;0
533;28;12;1997;Domingo;1
546;29;12;1997;Lunes;0
550;30;12;1997;Martes;0
466;31;12;1997;Miércoles;0
381;1;1;1998;Jueves;1
453;2;1;1998;Viernes;0
456;3;1;1998;Sábado;0
418;4;1;1998;Domingo;1
500;5;1;1998;Lunes;0
556;6;1;1998;Martes;0
478;7;1;1998;Miércoles;0
512;8;1;1998;Jueves;0
480;9;1;1998;Viernes;0
469;10;1;1998;Sábado;0
440;11;1;1998;Domingo;1
475;12;1;1998;Lunes;0
440;13;1;1998;Martes;0
507;14;1;1998;Miércoles;0
551;15;1;1998;Jueves;0
494;16;1;1998;Viernes;0
479;17;1;1998;Sábado;0
439;18;1;1998;Domingo;1
467;19;1;1998;Lunes;0
597;20;1;1998;Martes;0
554;21;1;1998;Miércoles;0
542;22;1;1998;Jueves;0
520;23;1;1998;Viernes;0
469;24;1;1998;Sábado;0
432;25;1;1998;Domingo;1
537;26;1;1998;Lunes;0
565;27;1;1998;Martes;0
598;28;1;1998;Miércoles;0
549;29;1;1998;Jueves;0
559;30;1;1998;Viernes;0
553;31;1;1998;Sábado;0
504;1;2;1998;Domingo;1
469;2;2;1998;Lunes;0
423;3;2;1998;Martes;0
449;4;2;1998;Miércoles;0
505;5;2;1998;Jueves;0
564;6;2;1998;Viernes;0
501;7;2;1998;Sábado;0
449;8;2;1998;Domingo;1
463;9;2;1998;Lunes;0
441;10;2;1998;Martes;0
419;11;2;1998;Miércoles;0
452;12;2;1998;Jueves;0
468;13;2;1998;Viernes;0
427;14;2;1998;Sábado;0
367;15;2;1998;Domingo;1
442;16;2;1998;Lunes;0
466;17;2;1998;Martes;0
417;18;2;1998;Miércoles;0
388;19;2;1998;Jueves;0
379;20;2;1998;Viernes;0
369;21;2;1998;Sábado;0
336;22;2;1998;Domingo;1
457;23;2;1998;Lunes;0
445;24;2;1998;Martes;0
555;25;2;1998;Miércoles;0
547;26;2;1998;Jueves;0
524;27;2;1998;Viernes;0
473;28;2;1998;Sábado;0
462;1;3;1998;Domingo;1
529;2;3;1998;Lunes;0
517;3;3;1998;Martes;0
636;4;3;1998;Miércoles;0
640;5;3;1998;Jueves;0
625;6;3;1998;Viernes;0
613;7;3;1998;Sábado;0
579;8;3;1998;Domingo;1
657;9;3;1998;Lunes;0
604;10;3;1998;Martes;0
563;11;3;1998;Miércoles;0
475;12;3;1998;Jueves;0
480;13;3;1998;Viernes;0
513;14;3;1998;Sábado;0
481;15;3;1998;Domingo;1
503;16;3;1998;Lunes;0
512;17;3;1998;Martes;0
494;18;3;1998;Miércoles;0
551;19;3;1998;Jueves;0
593;20;3;1998;Viernes;0
573;21;3;1998;Sábado;0
620;22;3;1998;Domingo;1
674;23;3;1998;Lunes;0
595;24;3;1998;Martes;0
616;25;3;1998;Miércoles;0
578;26;3;1998;Jueves;0
594;27;3;1998;Viernes;0
580;28;3;1998;Sábado;0
502;29;3;1998;Domingo;1
607;30;3;1998;Lunes;0
593;31;3;1998;Martes;0
530;1;4;1998;Miércoles;0
494;2;4;1998;Jueves;0
573;3;4;1998;Viernes;0
642;4;4;1998;Sábado;0
546;5;4;1998;Domingo;1
718;6;4;1998;Lunes;0
665;7;4;1998;Martes;0
664;8;4;1998;Miércoles;0
646;9;4;1998;Jueves;0
555;10;4;1998;Viernes;1
542;11;4;1998;Sábado;0
540;12;4;1998;Domingo;1
621;13;4;1998;Lunes;0
646;14;4;1998;Martes;0
698;15;4;1998;Miércoles;0
696;16;4;1998;Jueves;0
624;17;4;1998;Viernes;0
596;18;4;1998;Sábado;0
608;19;4;1998;Domingo;1
760;20;4;1998;Lunes;0
765;21;4;1998;Martes;0
734;22;4;1998;Miércoles;0
767;23;4;1998;Jueves;0
794;24;4;1998;Viernes;0
696;25;4;1998;Sábado;0
668;26;4;1998;Domingo;1
712;27;4;1998;Lunes;0
760;28;4;1998;Martes;0
757;29;4;1998;Miércoles;0
699;30;4;1998;Jueves;0
636;1;5;1998;Viernes;1
676;2;5;1998;Sábado;0
660;3;5;1998;Domingo;1
747;4;5;1998;Lunes;0
712;5;5;1998;Martes;0
701;6;5;1998;Miércoles;0
756;7;5;1998;Jueves;0
811;8;5;1998;Viernes;0
775;9;5;1998;Sábado;0
749;10;5;1998;Domingo;1
867;11;5;1998;Lunes;0
886;12;5;1998;Martes;0
929;13;5;1998;Miércoles;0
840;14;5;1998;Jueves;0
798;15;5;1998;Viernes;0
784;16;5;1998;Sábado;0
769;17;5;1998;Domingo;1
847;18;5;1998;Lunes;0
829;19;5;1998;Martes;0
858;20;5;1998;Miércoles;0
805;21;5;1998;Jueves;1
822;22;5;1998;Viernes;0
839;23;5;1998;Sábado;0
771;24;5;1998;Domingo;1
829;25;5;1998;Lunes;0
853;26;5;1998;Martes;0
850;27;5;1998;Miércoles;0
783;28;5;1998;Jueves;0
761;29;5;1998;Viernes;0
762;30;5;1998;Sábado;0
735;31;5;1998;Domingo;1
831;1;6;1998;Lunes;0
866;2;6;1998;Martes;0
833;3;6;1998;Miércoles;0
821;4;6;1998;Jueves;0
834;5;6;1998;Viernes;0
829;6;6;1998;Sábado;0
762;7;6;1998;Domingo;1
843;8;6;1998;Lunes;0
891;9;6;1998;Martes;0
917;10;6;1998;Miércoles;0
904;11;6;1998;Jueves;0
944;12;6;1998;Viernes;0
920;13;6;1998;Sábado;0
868;14;6;1998;Domingo;1
935;15;6;1998;Lunes;0
939;16;6;1998;Martes;0
886;17;6;1998;Miércoles;0
900;18;6;1998;Jueves;0
900;19;6;1998;Viernes;0
888;20;6;1998;Sábado;1
793;21;6;1998;Domingo;1
850;22;6;1998;Lunes;0
881;23;6;1998;Martes;0
833;24;6;1998;Miércoles;0
860;25;6;1998;Jueves;0
854;26;6;1998;Viernes;0
831;27;6;1998;Sábado;0
758;28;6;1998;Domingo;1
786;29;6;1998;Lunes;1
827;30;6;1998;Martes;0
858;1;7;1998;Miércoles;0
938;2;7;1998;Jueves;0
972;3;7;1998;Viernes;0
950;4;7;1998;Sábado;0
887;5;7;1998;Domingo;1
939;6;7;1998;Lunes;0
969;7;7;1998;Martes;0
925;8;7;1998;Miércoles;0
916;9;7;1998;Jueves;0
935;10;7;1998;Viernes;0
892;11;7;1998;Sábado;0
815;12;7;1998;Domingo;1
889;13;7;1998;Lunes;0
957;14;7;1998;Martes;0
923;15;7;1998;Miércoles;0
910;16;7;1998;Jueves;1
937;17;7;1998;Viernes;0
958;18;7;1998;Sábado;0
957;19;7;1998;Domingo;1
1038;20;7;1998;Lunes;0
1001;21;7;1998;Martes;0
932;22;7;1998;Miércoles;0
931;23;7;1998;Jueves;0
970;24;7;1998;Viernes;0
876;25;7;1998;Sábado;0
868;26;7;1998;Domingo;1
1004;27;7;1998;Lunes;0
923;28;7;1998;Martes;0
895;29;7;1998;Miércoles;0
846;30;7;1998;Jueves;0
925;31;7;1998;Viernes;0
952;1;8;1998;Sábado;0
852;2;8;1998;Domingo;1
902;3;8;1998;Lunes;0
896;4;8;1998;Martes;0
923;5;8;1998;Miércoles;0
862;6;8;1998;Jueves;0
900;7;8;1998;Viernes;0
876;8;8;1998;Sábado;0
825;9;8;1998;Domingo;1
938;10;8;1998;Lunes;0
930;11;8;1998;Martes;0
991;12;8;1998;Miércoles;0
966;13;8;1998;Jueves;0
972;14;8;1998;Viernes;0
846;15;8;1998;Sábado;1
881;16;8;1998;Domingo;1
924;17;8;1998;Lunes;0
1007;18;8;1998;Martes;0
1031;19;8;1998;Miércoles;0
960;20;8;1998;Jueves;0
945;21;8;1998;Viernes;0
863;22;8;1998;Sábado;0
821;23;8;1998;Domingo;1
864;24;8;1998;Lunes;0
944;25;8;1998;Martes;0
903;26;8;1998;Miércoles;0
855;27;8;1998;Jueves;0
926;28;8;1998;Viernes;0
814;29;8;1998;Sábado;0
758;30;8;1998;Domingo;1
823;31;8;1998;Lunes;0
793;1;9;1998;Martes;0
806;2;9;1998;Miércoles;0
824;3;9;1998;Jueves;0
895;4;9;1998;Viernes;0
859;5;9;1998;Sábado;0
826;6;9;1998;Domingo;1
900;7;9;1998;Lunes;0
857;8;9;1998;Martes;0
868;9;9;1998;Miércoles;0
918;10;9;1998;Jueves;0
888;11;9;1998;Viernes;0
940;12;9;1998;Sábado;0
812;13;9;1998;Domingo;1
850;14;9;1998;Lunes;0
912;15;9;1998;Martes;0
920;16;9;1998;Miércoles;0
878;17;9;1998;Jueves;0
769;18;9;1998;Viernes;1
741;19;9;1998;Sábado;1
698;20;9;1998;Domingo;1
782;21;9;1998;Lunes;1
785;22;9;1998;Martes;0
703;23;9;1998;Miércoles;0
706;24;9;1998;Jueves;0
761;25;9;1998;Viernes;0
798;26;9;1998;Sábado;0
617;27;9;1998;Domingo;1
735;28;9;1998;Lunes;0
746;29;9;1998;Martes;1
771;30;9;1998;Miércoles;0
776;1;10;1998;Jueves;0
731;2;10;1998;Viernes;0
664;3;10;1998;Sábado;0
659;4;10;1998;Domingo;1
795;5;10;1998;Lunes;0
733;6;10;1998;Martes;0
741;7;10;1998;Miércoles;0
725;8;10;1998;Jueves;0
811;9;10;1998;Viernes;0
705;10;10;1998;Sábado;0
665;11;10;1998;Domingo;1
650;12;10;1998;Lunes;1
805;13;10;1998;Martes;0
718;14;10;1998;Miércoles;0
785;15;10;1998;Jueves;0
727;16;10;1998;Viernes;0
720;17;10;1998;Sábado;0
756;18;10;1998;Domingo;1
796;19;10;1998;Lunes;0
824;20;10;1998;Martes;0
787;21;10;1998;Miércoles;1
910;22;10;1998;Jueves;0
824;23;10;1998;Viernes;0
656;24;10;1998;Sábado;0
588;25;10;1998;Domingo;1
641;26;10;1998;Lunes;0
652;27;10;1998;Martes;0
675;28;10;1998;Miércoles;0
728;29;10;1998;Jueves;0
671;30;10;1998;Viernes;0
575;31;10;1998;Sábado;1
534;1;11;1998;Domingo;1
579;2;11;1998;Lunes;0
628;3;11;1998;Martes;0
709;4;11;1998;Miércoles;0
677;5;11;1998;Jueves;0
661;6;11;1998;Viernes;1
643;7;11;1998;Sábado;0
568;8;11;1998;Domingo;1
613;9;11;1998;Lunes;0
549;10;11;1998;Martes;0
544;11;11;1998;Miércoles;0
549;12;11;1998;Jueves;0
612;13;11;1998;Viernes;0
603;14;11;1998;Sábado;0
576;15;11;1998;Domingo;1
652;16;11;1998;Lunes;0
593;17;11;1998;Martes;0
583;18;11;1998;Miércoles;0
569;19;11;1998;Jueves;0
512;20;11;1998;Viernes;0
541;21;11;1998;Sábado;0
579;22;11;1998;Domingo;1
735;23;11;1998;Lunes;1
690;24;11;1998;Martes;0
681;25;11;1998;Miércoles;0
593;26;11;1998;Jueves;0
664;27;11;1998;Viernes;0
711;28;11;1998;Sábado;0
583;29;11;1998;Domingo;1
673;30;11;1998;Lunes;0
667;1;12;1998;Martes;0
610;2;12;1998;Miércoles;0
670;3;12;1998;Jueves;0
635;4;12;1998;Viernes;0
599;5;12;1998;Sábado;0
467;6;12;1998;Domingo;1
597;7;12;1998;Lunes;0
514;8;12;1998;Martes;1
542;9;12;1998;Miércoles;0
567;10;12;1998;Jueves;0
648;11;12;1998;Viernes;0
602;12;12;1998;Sábado;0
480;13;12;1998;Domingo;1
550;14;12;1998;Lunes;0
583;15;12;1998;Martes;0
584;16;12;1998;Miércoles;0
530;17;12;1998;Jueves;0
541;18;12;1998;Viernes;1
547;19;12;1998;Sábado;0
505;20;12;1998;Domingo;1
599;21;12;1998;Lunes;0
692;22;12;1998;Martes;0
669;23;12;1998;Miércoles;0
572;24;12;1998;Jueves;0
462;25;12;1998;Viernes;1
586;26;12;1998;Sábado;0
566;27;12;1998;Domingo;1
559;28;12;1998;Lunes;0
613;29;12;1998;Martes;0
567;30;12;1998;Miércoles;0
597;31;12;1998;Jueves;0
387;1;1;1999;Viernes;1
569;2;1;1999;Sábado;0
527;3;1;1999;Domingo;1
581;4;1;1999;Lunes;0
588;5;1;1999;Martes;0
537;6;1;1999;Miércoles;0
555;7;1;1999;Jueves;0
534;8;1;1999;Viernes;0
456;9;1;1999;Sábado;0
378;10;1;1999;Domingo;1
467;11;1;1999;Lunes;0
512;12;1;1999;Martes;0
477;13;1;1999;Miércoles;0
461;14;1;1999;Jueves;0
497;15;1;1999;Viernes;0
483;16;1;1999;Sábado;0
469;17;1;1999;Domingo;1
586;18;1;1999;Lunes;0
508;19;1;1999;Martes;0
463;20;1;1999;Miércoles;0
486;21;1;1999;Jueves;0
433;22;1;1999;Viernes;0
444;23;1;1999;Sábado;0
396;24;1;1999;Domingo;1
443;25;1;1999;Lunes;0
461;26;1;1999;Martes;0
482;27;1;1999;Miércoles;0
448;28;1;1999;Jueves;0
469;29;1;1999;Viernes;0
515;30;1;1999;Sábado;0
543;31;1;1999;Domingo;1
587;1;2;1999;Lunes;0
531;2;2;1999;Martes;0
577;3;2;1999;Miércoles;0
554;4;2;1999;Jueves;0
522;5;2;1999;Viernes;0
571;6;2;1999;Sábado;0
522;7;2;1999;Domingo;1
641;8;2;1999;Lunes;0
603;9;2;1999;Martes;0
531;10;2;1999;Miércoles;0
455;11;2;1999;Jueves;0
619;12;2;1999;Viernes;0
566;13;2;1999;Sábado;0
501;14;2;1999;Domingo;1
563;15;2;1999;Lunes;0
556;16;2;1999;Martes;0
573;17;2;1999;Miércoles;0
585;18;2;1999;Jueves;0
635;19;2;1999;Viernes;0
580;20;2;1999;Sábado;0
476;21;2;1999;Domingo;1
564;22;2;1999;Lunes;0
558;23;2;1999;Martes;0
517;24;2;1999;Miércoles;0
540;25;2;1999;Jueves;0
546;26;2;1999;Viernes;0
528;27;2;1999;Sábado;0
451;28;2;1999;Domingo;1
571;1;3;1999;Lunes;0
565;2;3;1999;Martes;0
608;3;3;1999;Miércoles;0
582;4;3;1999;Jueves;0
598;5;3;1999;Viernes;0
625;6;3;1999;Sábado;0
482;7;3;1999;Domingo;1
561;8;3;1999;Lunes;0
621;9;3;1999;Martes;0
634;10;3;1999;Miércoles;0
651;11;3;1999;Jueves;0
599;12;3;1999;Viernes;0
535;13;3;1999;Sábado;0
475;14;3;1999;Domingo;1
572;15;3;1999;Lunes;0
573;16;3;1999;Martes;0
573;17;3;1999;Miércoles;0
587;18;3;1999;Jueves;0
601;19;3;1999;Viernes;0
666;20;3;1999;Sábado;0
647;21;3;1999;Domingo;1
707;22;3;1999;Lunes;0
685;23;3;1999;Martes;0
648;24;3;1999;Miércoles;0
658;25;3;1999;Jueves;0
607;26;3;1999;Viernes;0
580;27;3;1999;Sábado;0
567;28;3;1999;Domingo;1
645;29;3;1999;Lunes;0
662;30;3;1999;Martes;0
636;31;3;1999;Miércoles;0
667;1;4;1999;Jueves;0
536;2;4;1999;Viernes;1
566;3;4;1999;Sábado;0
661;4;4;1999;Domingo;1
693;5;4;1999;Lunes;0
719;6;4;1999;Martes;0
686;7;4;1999;Miércoles;0
635;8;4;1999;Jueves;0
599;9;4;1999;Viernes;0
572;10;4;1999;Sábado;0
575;11;4;1999;Domingo;1
737;12;4;1999;Lunes;0
796;13;4;1999;Martes;0
852;14;4;1999;Miércoles;0
823;15;4;1999;Jueves;0
677;16;4;1999;Viernes;0
586;17;4;1999;Sábado;0
562;18;4;1999;Domingo;1
731;19;4;1999;Lunes;0
790;20;4;1999;Martes;0
871;21;4;1999;Miércoles;0
926;22;4;1999;Jueves;0
838;23;4;1999;Viernes;0
749;24;4;1999;Sábado;0
761;25;4;1999;Domingo;1
795;26;4;1999;Lunes;0
733;27;4;1999;Martes;0
732;28;4;1999;Miércoles;0
799;29;4;1999;Jueves;0
753;30;4;1999;Viernes;0
769;1;5;1999;Sábado;1
787;2;5;1999;Domingo;1
891;3;5;1999;Lunes;0
964;4;5;1999;Martes;0
938;5;5;1999;Miércoles;0
879;6;5;1999;Jueves;0
881;7;5;1999;Viernes;0
749;8;5;1999;Sábado;0
682;9;5;1999;Domingo;1
804;10;5;1999;Lunes;0
775;11;5;1999;Martes;0
818;12;5;1999;Miércoles;0
807;13;5;1999;Jueves;0
790;14;5;1999;Viernes;0
818;15;5;1999;Sábado;0
785;16;5;1999;Domingo;1
906;17;5;1999;Lunes;0
913;18;5;1999;Martes;0
887;19;5;1999;Miércoles;0
874;20;5;1999;Jueves;0
796;21;5;1999;Viernes;1
885;22;5;1999;Sábado;0
787;23;5;1999;Domingo;1
850;24;5;1999;Lunes;0
925;25;5;1999;Martes;0
921;26;5;1999;Miércoles;0
891;27;5;1999;Jueves;0
936;28;5;1999;Viernes;0
940;29;5;1999;Sábado;0
856;30;5;1999;Domingo;1
914;31;5;1999;Lunes;1
968;1;6;1999;Martes;0
919;2;6;1999;Miércoles;0
846;3;6;1999;Jueves;0
936;4;6;1999;Viernes;0
872;5;6;1999;Sábado;0
830;6;6;1999;Domingo;1
889;7;6;1999;Lunes;0
890;8;6;1999;Martes;0
838;9;6;1999;Miércoles;0
861;10;6;1999;Jueves;0
904;11;6;1999;Viernes;0
856;12;6;1999;Sábado;0
817;13;6;1999;Domingo;1
953;14;6;1999;Lunes;0
981;15;6;1999;Martes;0
976;16;6;1999;Miércoles;0
1016;17;6;1999;Jueves;0
1014;18;6;1999;Viernes;0
950;19;6;1999;Sábado;0
863;20;6;1999;Domingo;1
941;21;6;1999;Lunes;0
981;22;6;1999;Martes;0
1015;23;6;1999;Miércoles;0
946;24;6;1999;Jueves;0
967;25;6;1999;Viernes;0
999;26;6;1999;Sábado;0
942;27;6;1999;Domingo;1
1035;28;6;1999;Lunes;0
965;29;6;1999;Martes;1
1009;30;6;1999;Miércoles;0
978;1;7;1999;Jueves;0
970;2;7;1999;Viernes;0
893;3;7;1999;Sábado;0
823;4;7;1999;Domingo;1
896;5;7;1999;Lunes;0
922;6;7;1999;Martes;0
929;7;7;1999;Miércoles;0
927;8;7;1999;Jueves;0
948;9;7;1999;Viernes;0
921;10;7;1999;Sábado;0
838;11;7;1999;Domingo;1
914;12;7;1999;Lunes;0
914;13;7;1999;Martes;0
904;14;7;1999;Miércoles;0
921;15;7;1999;Jueves;0
950;16;7;1999;Viernes;1
966;17;7;1999;Sábado;0
869;18;7;1999;Domingo;1
936;19;7;1999;Lunes;0
941;20;7;1999;Martes;0
928;21;7;1999;Miércoles;0
924;22;7;1999;Jueves;0
952;23;7;1999;Viernes;0
938;24;7;1999;Sábado;0
922;25;7;1999;Domingo;1
978;26;7;1999;Lunes;0
946;27;7;1999;Martes;0
988;28;7;1999;Miércoles;0
956;29;7;1999;Jueves;0
973;30;7;1999;Viernes;0
882;31;7;1999;Sábado;0
851;1;8;1999;Domingo;1
902;2;8;1999;Lunes;0
950;3;8;1999;Martes;0
1011;4;8;1999;Miércoles;0
938;5;8;1999;Jueves;0
987;6;8;1999;Viernes;0
979;7;8;1999;Sábado;0
862;8;8;1999;Domingo;1
968;9;8;1999;Lunes;0
985;10;8;1999;Martes;0
1028;11;8;1999;Miércoles;0
1031;12;8;1999;Jueves;0
986;13;8;1999;Viernes;0
897;14;8;1999;Sábado;0
785;15;8;1999;Domingo;1
921;16;8;1999;Lunes;0
911;17;8;1999;Martes;0
907;18;8;1999;Miércoles;0
951;19;8;1999;Jueves;0
1009;20;8;1999;Viernes;0
953;21;8;1999;Sábado;0
798;22;8;1999;Domingo;1
881;23;8;1999;Lunes;0
852;24;8;1999;Martes;0
774;25;8;1999;Miércoles;0
823;26;8;1999;Jueves;0
924;27;8;1999;Viernes;0
875;28;8;1999;Sábado;0
813;29;8;1999;Domingo;1
875;30;8;1999;Lunes;0
829;31;8;1999;Martes;0
930;1;9;1999;Miércoles;0
917;2;9;1999;Jueves;0
882;3;9;1999;Viernes;0
880;4;9;1999;Sábado;0
787;5;9;1999;Domingo;1
810;6;9;1999;Lunes;0
939;7;9;1999;Martes;0
912;8;9;1999;Miércoles;0
921;9;9;1999;Jueves;0
904;10;9;1999;Viernes;0
883;11;9;1999;Sábado;0
817;12;9;1999;Domingo;1
849;13;9;1999;Lunes;0
841;14;9;1999;Martes;0
880;15;9;1999;Miércoles;0
852;16;9;1999;Jueves;0
907;17;9;1999;Viernes;0
741;18;9;1999;Sábado;1
718;19;9;1999;Domingo;1
764;20;9;1999;Lunes;0
778;21;9;1999;Martes;1
764;22;9;1999;Miércoles;0
770;23;9;1999;Jueves;0
805;24;9;1999;Viernes;0
809;25;9;1999;Sábado;0
731;26;9;1999;Domingo;1
808;27;9;1999;Lunes;0
816;28;9;1999;Martes;0
826;29;9;1999;Miércoles;1
828;30;9;1999;Jueves;0
858;1;10;1999;Viernes;0
740;2;10;1999;Sábado;0
676;3;10;1999;Domingo;1
715;4;10;1999;Lunes;0
682;5;10;1999;Martes;0
749;6;10;1999;Miércoles;0
646;7;10;1999;Jueves;0
661;8;10;1999;Viernes;0
639;9;10;1999;Sábado;0
613;10;10;1999;Domingo;1
624;11;10;1999;Lunes;0
628;12;10;1999;Martes;1
695;13;10;1999;Miércoles;0
732;14;10;1999;Jueves;0
913;15;10;1999;Viernes;0
829;16;10;1999;Sábado;0
715;17;10;1999;Domingo;1
730;18;10;1999;Lunes;0
691;19;10;1999;Martes;0
752;20;10;1999;Miércoles;0
800;21;10;1999;Jueves;1
720;22;10;1999;Viernes;0
591;23;10;1999;Sábado;0
560;24;10;1999;Domingo;1
680;25;10;1999;Lunes;0
681;26;10;1999;Martes;0
753;27;10;1999;Miércoles;0
711;28;10;1999;Jueves;0
656;29;10;1999;Viernes;0
600;30;10;1999;Sábado;0
532;31;10;1999;Domingo;1
553;1;11;1999;Lunes;1
626;2;11;1999;Martes;0
628;3;11;1999;Miércoles;0
624;4;11;1999;Jueves;0
602;5;11;1999;Viernes;0
551;6;11;1999;Sábado;1
521;7;11;1999;Domingo;1
639;8;11;1999;Lunes;0
560;9;11;1999;Martes;0
572;10;11;1999;Miércoles;0
606;11;11;1999;Jueves;0
593;12;11;1999;Viernes;0
564;13;11;1999;Sábado;0
583;14;11;1999;Domingo;1
620;15;11;1999;Lunes;0
633;16;11;1999;Martes;0
568;17;11;1999;Miércoles;0
565;18;11;1999;Jueves;0
592;19;11;1999;Viernes;0
615;20;11;1999;Sábado;0
501;21;11;1999;Domingo;1
561;22;11;1999;Lunes;0
580;23;11;1999;Martes;1
604;24;11;1999;Miércoles;0
585;25;11;1999;Jueves;0
601;26;11;1999;Viernes;0
589;27;11;1999;Sábado;0
554;28;11;1999;Domingo;1
536;29;11;1999;Lunes;0
580;30;11;1999;Martes;0
519;1;12;1999;Miércoles;0
529;2;12;1999;Jueves;0
603;3;12;1999;Viernes;0
619;4;12;1999;Sábado;0
517;5;12;1999;Domingo;1
590;6;12;1999;Lunes;0
630;7;12;1999;Martes;0
602;8;12;1999;Miércoles;1
602;9;12;1999;Jueves;0
631;10;12;1999;Viernes;0
492;11;12;1999;Sábado;0
530;12;12;1999;Domingo;1
645;13;12;1999;Lunes;0
622;14;12;1999;Martes;0
691;15;12;1999;Miércoles;0
739;16;12;1999;Jueves;0
720;17;12;1999;Viernes;0
693;18;12;1999;Sábado;1
608;19;12;1999;Domingo;1
651;20;12;1999;Lunes;0
616;21;12;1999;Martes;0
535;22;12;1999;Miércoles;0
546;23;12;1999;Jueves;0
548;24;12;1999;Viernes;0
409;25;12;1999;Sábado;1
431;26;12;1999;Domingo;1
507;27;12;1999;Lunes;0
528;28;12;1999;Martes;0
583;29;12;1999;Miércoles;0
562;30;12;1999;Jueves;0
563;31;12;1999;Viernes;0
439;1;1;2000;Sábado;1
405;2;1;2000;Domingo;1
576;3;1;2000;Lunes;0
547;4;1;2000;Martes;0
548;5;1;2000;Miércoles;0
562;6;1;2000;Jueves;0
626;7;1;2000;Viernes;0
639;8;1;2000;Sábado;0
601;9;1;2000;Domingo;1
630;10;1;2000;Lunes;0
637;11;1;2000;Martes;0
633;12;1;2000;Miércoles;0
554;13;1;2000;Jueves;0
530;14;1;2000;Viernes;0
552;15;1;2000;Sábado;0
497;16;1;2000;Domingo;1
547;17;1;2000;Lunes;0
504;18;1;2000;Martes;0
549;19;1;2000;Miércoles;0
593;20;1;2000;Jueves;0
613;21;1;2000;Viernes;0
534;22;1;2000;Sábado;0
515;23;1;2000;Domingo;1
580;24;1;2000;Lunes;0
537;25;1;2000;Martes;0
534;26;1;2000;Miércoles;0
554;27;1;2000;Jueves;0
502;28;1;2000;Viernes;0
555;29;1;2000;Sábado;0
557;30;1;2000;Domingo;1
566;31;1;2000;Lunes;0
520;1;2;2000;Martes;0
579;2;2;2000;Miércoles;0
523;3;2;2000;Jueves;0
578;4;2;2000;Viernes;0
546;5;2;2000;Sábado;0
510;6;2;2000;Domingo;1
517;7;2;2000;Lunes;0
535;8;2;2000;Martes;0
457;9;2;2000;Miércoles;0
468;10;2;2000;Jueves;0
515;11;2;2000;Viernes;0
609;12;2;2000;Sábado;0
486;13;2;2000;Domingo;1
536;14;2;2000;Lunes;0
480;15;2;2000;Martes;0
488;16;2;2000;Miércoles;0
512;17;2;2000;Jueves;0
506;18;2;2000;Viernes;0
452;19;2;2000;Sábado;0
463;20;2;2000;Domingo;1
576;21;2;2000;Lunes;0
586;22;2;2000;Martes;0
543;23;2;2000;Miércoles;0
597;24;2;2000;Jueves;0
590;25;2;2000;Viernes;0
580;26;2;2000;Sábado;0
567;27;2;2000;Domingo;1
622;28;2;2000;Lunes;0
619;29;2;2000;Martes;0
599;1;3;2000;Miércoles;0
548;2;3;2000;Jueves;0
557;3;3;2000;Viernes;0
622;4;3;2000;Sábado;0
558;5;3;2000;Domingo;1
530;6;3;2000;Lunes;0
479;7;3;2000;Martes;0
519;8;3;2000;Miércoles;0
514;9;3;2000;Jueves;0
574;10;3;2000;Viernes;0
626;11;3;2000;Sábado;0
572;12;3;2000;Domingo;1
637;13;3;2000;Lunes;0
571;14;3;2000;Martes;0
636;15;3;2000;Miércoles;0
705;16;3;2000;Jueves;0
644;17;3;2000;Viernes;0
607;18;3;2000;Sábado;0
597;19;3;2000;Domingo;1
712;20;3;2000;Lunes;0
711;21;3;2000;Martes;0
765;22;3;2000;Miércoles;0
681;23;3;2000;Jueves;0
652;24;3;2000;Viernes;0
623;25;3;2000;Sábado;0
717;26;3;2000;Domingo;1
789;27;3;2000;Lunes;0
765;28;3;2000;Martes;0
786;29;3;2000;Miércoles;0
729;30;3;2000;Jueves;0
686;31;3;2000;Viernes;0
614;1;4;2000;Sábado;0
530;2;4;2000;Domingo;1
635;3;4;2000;Lunes;0
646;4;4;2000;Martes;0
677;5;4;2000;Miércoles;0
682;6;4;2000;Jueves;0
735;7;4;2000;Viernes;0
736;8;4;2000;Sábado;0
722;9;4;2000;Domingo;1
681;10;4;2000;Lunes;0
691;11;4;2000;Martes;0
793;12;4;2000;Miércoles;0
760;13;4;2000;Jueves;0
760;14;4;2000;Viernes;0
709;15;4;2000;Sábado;0
674;16;4;2000;Domingo;1
681;17;4;2000;Lunes;0
709;18;4;2000;Martes;0
740;19;4;2000;Miércoles;0
763;20;4;2000;Jueves;0
679;21;4;2000;Viernes;1
715;22;4;2000;Sábado;0
755;23;4;2000;Domingo;1
824;24;4;2000;Lunes;0
792;25;4;2000;Martes;0
812;26;4;2000;Miércoles;0
793;27;4;2000;Jueves;0
940;28;4;2000;Viernes;0
845;29;4;2000;Sábado;0
786;30;4;2000;Domingo;1
830;1;5;2000;Lunes;1
894;2;5;2000;Martes;0
922;3;5;2000;Miércoles;0
778;4;5;2000;Jueves;0
792;5;5;2000;Viernes;0
771;6;5;2000;Sábado;0
702;7;5;2000;Domingo;1
820;8;5;2000;Lunes;0
903;9;5;2000;Martes;0
822;10;5;2000;Miércoles;0
748;11;5;2000;Jueves;0
821;12;5;2000;Viernes;0
825;13;5;2000;Sábado;0
773;14;5;2000;Domingo;1
816;15;5;2000;Lunes;0
851;16;5;2000;Martes;0
882;17;5;2000;Miércoles;0
863;18;5;2000;Jueves;0
851;19;5;2000;Viernes;0
848;20;5;2000;Sábado;0
858;21;5;2000;Domingo;1
920;22;5;2000;Lunes;0
857;23;5;2000;Martes;0
876;24;5;2000;Miércoles;0
850;25;5;2000;Jueves;0
873;26;5;2000;Viernes;0
828;27;5;2000;Sábado;0
770;28;5;2000;Domingo;1
912;29;5;2000;Lunes;0
953;30;5;2000;Martes;0
942;31;5;2000;Miércoles;1
897;1;6;2000;Jueves;0
875;2;6;2000;Viernes;0
892;3;6;2000;Sábado;0
848;4;6;2000;Domingo;1
953;5;6;2000;Lunes;0
941;6;6;2000;Martes;0
934;7;6;2000;Miércoles;0
964;8;6;2000;Jueves;0
943;9;6;2000;Viernes;0
967;10;6;2000;Sábado;0
927;11;6;2000;Domingo;1
1037;12;6;2000;Lunes;0
1064;13;6;2000;Martes;0
1028;14;6;2000;Miércoles;0
1000;15;6;2000;Jueves;0
960;16;6;2000;Viernes;0
983;17;6;2000;Sábado;0
945;18;6;2000;Domingo;1
951;19;6;2000;Lunes;0
996;20;6;2000;Martes;1
1028;21;6;2000;Miércoles;0
1024;22;6;2000;Jueves;0
1065;23;6;2000;Viernes;0
1002;24;6;2000;Sábado;0
931;25;6;2000;Domingo;1
956;26;6;2000;Lunes;0
1043;27;6;2000;Martes;0
1046;28;6;2000;Miércoles;0
1013;29;6;2000;Jueves;1
960;30;6;2000;Viernes;0
921;1;7;2000;Sábado;0
866;2;7;2000;Domingo;1
980;3;7;2000;Lunes;0
994;4;7;2000;Martes;0
1034;5;7;2000;Miércoles;0
1055;6;7;2000;Jueves;0
1016;7;7;2000;Viernes;0
988;8;7;2000;Sábado;0
945;9;7;2000;Domingo;1
1031;10;7;2000;Lunes;0
1081;11;7;2000;Martes;0
1103;12;7;2000;Miércoles;0
1023;13;7;2000;Jueves;0
1026;14;7;2000;Viernes;0
1056;15;7;2000;Sábado;0
952;16;7;2000;Domingo;1
990;17;7;2000;Lunes;0
949;18;7;2000;Martes;0
976;19;7;2000;Miércoles;0
957;20;7;2000;Jueves;0
974;21;7;2000;Viernes;0
996;22;7;2000;Sábado;0
857;23;7;2000;Domingo;1
931;24;7;2000;Lunes;0
931;25;7;2000;Martes;0
924;26;7;2000;Miércoles;0
976;27;7;2000;Jueves;0
1022;28;7;2000;Viernes;0
929;29;7;2000;Sábado;0
881;30;7;2000;Domingo;1
1036;31;7;2000;Lunes;0
1071;1;8;2000;Martes;0
1005;2;8;2000;Miércoles;0
983;3;8;2000;Jueves;0
948;4;8;2000;Viernes;0
928;5;8;2000;Sábado;0
875;6;8;2000;Domingo;1
944;7;8;2000;Lunes;0
930;8;8;2000;Martes;0
947;9;8;2000;Miércoles;0
860;10;8;2000;Jueves;0
834;11;8;2000;Viernes;0
808;12;8;2000;Sábado;0
860;13;8;2000;Domingo;1
922;14;8;2000;Lunes;0
836;15;8;2000;Martes;1
972;16;8;2000;Miércoles;0
1036;17;8;2000;Jueves;0
1038;18;8;2000;Viernes;0
930;19;8;2000;Sábado;0
845;20;8;2000;Domingo;1
888;21;8;2000;Lunes;0
908;22;8;2000;Martes;0
881;23;8;2000;Miércoles;0
860;24;8;2000;Jueves;0
885;25;8;2000;Viernes;0
882;26;8;2000;Sábado;0
872;27;8;2000;Domingo;1
926;28;8;2000;Lunes;0
914;29;8;2000;Martes;0
932;30;8;2000;Miércoles;0
910;31;8;2000;Jueves;0
958;1;9;2000;Viernes;0
953;2;9;2000;Sábado;0
889;3;9;2000;Domingo;1
945;4;9;2000;Lunes;0
934;5;9;2000;Martes;0
952;6;9;2000;Miércoles;0
1040;7;9;2000;Jueves;0
1017;8;9;2000;Viernes;0
1052;9;9;2000;Sábado;0
921;10;9;2000;Domingo;1
986;11;9;2000;Lunes;0
1015;12;9;2000;Martes;0
920;13;9;2000;Miércoles;0
919;14;9;2000;Jueves;0
911;15;9;2000;Viernes;0
821;16;9;2000;Sábado;0
760;17;9;2000;Domingo;1
759;18;9;2000;Lunes;1
774;19;9;2000;Martes;1
874;20;9;2000;Miércoles;0
883;21;9;2000;Jueves;1
921;22;9;2000;Viernes;0
802;23;9;2000;Sábado;0
740;24;9;2000;Domingo;1
818;25;9;2000;Lunes;0
865;26;9;2000;Martes;0
868;27;9;2000;Miércoles;0
809;28;9;2000;Jueves;0
784;29;9;2000;Viernes;1
737;30;9;2000;Sábado;0
669;1;10;2000;Domingo;1
723;2;10;2000;Lunes;0
701;3;10;2000;Martes;0
709;4;10;2000;Miércoles;0
847;5;10;2000;Jueves;0
786;6;10;2000;Viernes;0
693;7;10;2000;Sábado;0
597;8;10;2000;Domingo;1
680;9;10;2000;Lunes;0
779;10;10;2000;Martes;0
810;11;10;2000;Miércoles;0
843;12;10;2000;Jueves;1
805;13;10;2000;Viernes;0
804;14;10;2000;Sábado;0
664;15;10;2000;Domingo;1
836;16;10;2000;Lunes;0
832;17;10;2000;Martes;0
857;18;10;2000;Miércoles;0
842;19;10;2000;Jueves;0
805;20;10;2000;Viernes;0
820;21;10;2000;Sábado;1
692;22;10;2000;Domingo;1
727;23;10;2000;Lunes;0
686;24;10;2000;Martes;0
657;25;10;2000;Miércoles;0
711;26;10;2000;Jueves;0
696;27;10;2000;Viernes;0
630;28;10;2000;Sábado;0
636;29;10;2000;Domingo;1
656;30;10;2000;Lunes;0
656;31;10;2000;Martes;1
564;1;11;2000;Miércoles;1
628;2;11;2000;Jueves;0
756;3;11;2000;Viernes;0
641;4;11;2000;Sábado;0
568;5;11;2000;Domingo;1
682;6;11;2000;Lunes;1
682;7;11;2000;Martes;0
678;8;11;2000;Miércoles;0
631;9;11;2000;Jueves;0
675;10;11;2000;Viernes;0
662;11;11;2000;Sábado;0
676;12;11;2000;Domingo;1
669;13;11;2000;Lunes;0
645;14;11;2000;Martes;0
582;15;11;2000;Miércoles;0
563;16;11;2000;Jueves;0
635;17;11;2000;Viernes;0
635;18;11;2000;Sábado;0
607;19;11;2000;Domingo;1
657;20;11;2000;Lunes;0
740;21;11;2000;Martes;0
724;22;11;2000;Miércoles;0
729;23;11;2000;Jueves;1
653;24;11;2000;Viernes;0
624;25;11;2000;Sábado;0
619;26;11;2000;Domingo;1
617;27;11;2000;Lunes;0
617;28;11;2000;Martes;0
607;29;11;2000;Miércoles;0
554;30;11;2000;Jueves;0
631;1;12;2000;Viernes;0
635;2;12;2000;Sábado;0
585;3;12;2000;Domingo;1
590;4;12;2000;Lunes;0
571;5;12;2000;Martes;0
627;6;12;2000;Miércoles;0
626;7;12;2000;Jueves;0
597;8;12;2000;Viernes;1
629;9;12;2000;Sábado;0
563;10;12;2000;Domingo;1
629;11;12;2000;Lunes;0
664;12;12;2000;Martes;0
600;13;12;2000;Miércoles;0
638;14;12;2000;Jueves;0
656;15;12;2000;Viernes;0
627;16;12;2000;Sábado;0
631;17;12;2000;Domingo;1
671;18;12;2000;Lunes;1
701;19;12;2000;Martes;0
610;20;12;2000;Miércoles;0
682;21;12;2000;Jueves;0
664;22;12;2000;Viernes;0
689;23;12;2000;Sábado;0
559;24;12;2000;Domingo;1
515;25;12;2000;Lunes;1
632;26;12;2000;Martes;0
666;27;12;2000;Miércoles;0
667;28;12;2000;Jueves;0
592;29;12;2000;Viernes;0
485;30;12;2000;Sábado;0
486;31;12;2000;Domingo;1
463;1;1;2001;Lunes;1
526;2;1;2001;Martes;0
541;3;1;2001;Miércoles;0
593;4;1;2001;Jueves;0
543;5;1;2001;Viernes;0
496;6;1;2001;Sábado;0
432;7;1;2001;Domingo;1
548;8;1;2001;Lunes;0
574;9;1;2001;Martes;0
594;10;1;2001;Miércoles;0
559;11;1;2001;Jueves;0
536;12;1;2001;Viernes;0
522;13;1;2001;Sábado;0
497;14;1;2001;Domingo;1
590;15;1;2001;Lunes;0
593;16;1;2001;Martes;0
601;17;1;2001;Miércoles;0
597;18;1;2001;Jueves;0
567;19;1;2001;Viernes;0
521;20;1;2001;Sábado;0
475;21;1;2001;Domingo;1
546;22;1;2001;Lunes;0
573;23;1;2001;Martes;0
584;24;1;2001;Miércoles;0
605;25;1;2001;Jueves;0
541;26;1;2001;Viernes;0
525;27;1;2001;Sábado;0
495;28;1;2001;Domingo;1
525;29;1;2001;Lunes;0
509;30;1;2001;Martes;0
548;31;1;2001;Miércoles;0
615;1;2;2001;Jueves;0
634;2;2;2001;Viernes;0
604;3;2;2001;Sábado;0
531;4;2;2001;Domingo;1
639;5;2;2001;Lunes;0
574;6;2;2001;Martes;0
556;7;2;2001;Miércoles;0
556;8;2;2001;Jueves;0
582;9;2;2001;Viernes;0
585;10;2;2001;Sábado;0
519;11;2;2001;Domingo;1
504;12;2;2001;Lunes;0
479;13;2;2001;Martes;0
514;14;2;2001;Miércoles;0
552;15;2;2001;Jueves;0
560;16;2;2001;Viernes;0
555;17;2;2001;Sábado;0
522;18;2;2001;Domingo;1
605;19;2;2001;Lunes;0
616;20;2;2001;Martes;0
642;21;2;2001;Miércoles;0
608;22;2;2001;Jueves;0
669;23;2;2001;Viernes;0
549;24;2;2001;Sábado;0
537;25;2;2001;Domingo;1
538;26;2;2001;Lunes;0
563;27;2;2001;Martes;0
558;28;2;2001;Miércoles;0
701;1;3;2001;Jueves;0
776;2;3;2001;Viernes;0
636;3;3;2001;Sábado;0
595;4;3;2001;Domingo;1
705;5;3;2001;Lunes;0
745;6;3;2001;Martes;0
639;7;3;2001;Miércoles;0
720;8;3;2001;Jueves;0
807;9;3;2001;Viernes;0
767;10;3;2001;Sábado;0
663;11;3;2001;Domingo;1
663;12;3;2001;Lunes;0
748;13;3;2001;Martes;0
773;14;3;2001;Miércoles;0
736;15;3;2001;Jueves;0
727;16;3;2001;Viernes;0
768;17;3;2001;Sábado;0
777;18;3;2001;Domingo;1
783;19;3;2001;Lunes;0
740;20;3;2001;Martes;0
729;21;3;2001;Miércoles;0
679;22;3;2001;Jueves;0
655;23;3;2001;Viernes;0
595;24;3;2001;Sábado;0
573;25;3;2001;Domingo;1
617;26;3;2001;Lunes;0
702;27;3;2001;Martes;0
750;28;3;2001;Miércoles;0
676;29;3;2001;Jueves;0
648;30;3;2001;Viernes;0
733;31;3;2001;Sábado;0
729;1;4;2001;Domingo;1
840;2;4;2001;Lunes;0
810;3;4;2001;Martes;0
744;4;4;2001;Miércoles;0
675;5;4;2001;Jueves;0
724;6;4;2001;Viernes;0
715;7;4;2001;Sábado;0
601;8;4;2001;Domingo;1
790;9;4;2001;Lunes;0
837;10;4;2001;Martes;0
902;11;4;2001;Miércoles;0
765;12;4;2001;Jueves;0
639;13;4;2001;Viernes;1
706;14;4;2001;Sábado;0
689;15;4;2001;Domingo;1
767;16;4;2001;Lunes;0
728;17;4;2001;Martes;0
787;18;4;2001;Miércoles;0
743;19;4;2001;Jueves;0
814;20;4;2001;Viernes;0
833;21;4;2001;Sábado;0
783;22;4;2001;Domingo;1
829;23;4;2001;Lunes;0
778;24;4;2001;Martes;0
813;25;4;2001;Miércoles;0
862;26;4;2001;Jueves;0
906;27;4;2001;Viernes;0
757;28;4;2001;Sábado;0
676;29;4;2001;Domingo;1
743;30;4;2001;Lunes;0
765;1;5;2001;Martes;1
816;2;5;2001;Miércoles;0
834;3;5;2001;Jueves;0
780;4;5;2001;Viernes;0
781;5;5;2001;Sábado;0
723;6;5;2001;Domingo;1
842;7;5;2001;Lunes;0
840;8;5;2001;Martes;0
802;9;5;2001;Miércoles;0
819;10;5;2001;Jueves;0
820;11;5;2001;Viernes;0
850;12;5;2001;Sábado;0
760;13;5;2001;Domingo;1
862;14;5;2001;Lunes;0
849;15;5;2001;Martes;0
834;16;5;2001;Miércoles;0
907;17;5;2001;Jueves;0
912;18;5;2001;Viernes;0
860;19;5;2001;Sábado;0
829;20;5;2001;Domingo;1
816;21;5;2001;Lunes;1
960;22;5;2001;Martes;0
984;23;5;2001;Miércoles;0
968;24;5;2001;Jueves;0
990;25;5;2001;Viernes;0
958;26;5;2001;Sábado;0
871;27;5;2001;Domingo;1
1045;28;5;2001;Lunes;0
988;29;5;2001;Martes;0
977;30;5;2001;Miércoles;0
977;31;5;2001;Jueves;1
971;1;6;2001;Viernes;0
1028;2;6;2001;Sábado;0
958;3;6;2001;Domingo;1
1046;4;6;2001;Lunes;0
1052;5;6;2001;Martes;0
1044;6;6;2001;Miércoles;0
978;7;6;2001;Jueves;0
990;8;6;2001;Viernes;0
1020;9;6;2001;Sábado;0
942;10;6;2001;Domingo;1
943;11;6;2001;Lunes;0
949;12;6;2001;Martes;0
939;13;6;2001;Miércoles;0
942;14;6;2001;Jueves;0
950;15;6;2001;Viernes;0
898;16;6;2001;Sábado;0
864;17;6;2001;Domingo;1
960;18;6;2001;Lunes;0
935;19;6;2001;Martes;0
918;20;6;2001;Miércoles;1
905;21;6;2001;Jueves;0
962;22;6;2001;Viernes;0
967;23;6;2001;Sábado;0
931;24;6;2001;Domingo;1
982;25;6;2001;Lunes;0
981;26;6;2001;Martes;0
937;27;6;2001;Miércoles;0
952;28;6;2001;Jueves;0
945;29;6;2001;Viernes;1
915;30;6;2001;Sábado;0
904;1;7;2001;Domingo;1
877;2;7;2001;Lunes;0
971;3;7;2001;Martes;0
1016;4;7;2001;Miércoles;0
1004;5;7;2001;Jueves;0
975;6;7;2001;Viernes;0
1030;7;7;2001;Sábado;0
1027;8;7;2001;Domingo;1
1041;9;7;2001;Lunes;0
1045;10;7;2001;Martes;0
1100;11;7;2001;Miércoles;0
1150;12;7;2001;Jueves;0
1060;13;7;2001;Viernes;0
1015;14;7;2001;Sábado;0
980;15;7;2001;Domingo;1
1032;16;7;2001;Lunes;1
1075;17;7;2001;Martes;0
1092;18;7;2001;Miércoles;0
1058;19;7;2001;Jueves;0
1042;20;7;2001;Viernes;0
1011;21;7;2001;Sábado;0
915;22;7;2001;Domingo;1
1020;23;7;2001;Lunes;0
987;24;7;2001;Martes;0
975;25;7;2001;Miércoles;0
952;26;7;2001;Jueves;0
929;27;7;2001;Viernes;0
912;28;7;2001;Sábado;0
887;29;7;2001;Domingo;1
942;30;7;2001;Lunes;0
986;31;7;2001;Martes;0
997;1;8;2001;Miércoles;0
973;2;8;2001;Jueves;0
986;3;8;2001;Viernes;0
921;4;8;2001;Sábado;0
916;5;8;2001;Domingo;1
968;6;8;2001;Lunes;0
963;7;8;2001;Martes;0
986;8;8;2001;Miércoles;0
984;9;8;2001;Jueves;0
986;10;8;2001;Viernes;0
1006;11;8;2001;Sábado;0
916;12;8;2001;Domingo;1
919;13;8;2001;Lunes;0
995;14;8;2001;Martes;0
939;15;8;2001;Miércoles;1
946;16;8;2001;Jueves;0
891;17;8;2001;Viernes;0
882;18;8;2001;Sábado;0
847;19;8;2001;Domingo;1
887;20;8;2001;Lunes;0
1044;21;8;2001;Martes;0
976;22;8;2001;Miércoles;0
978;23;8;2001;Jueves;0
953;24;8;2001;Viernes;0
927;25;8;2001;Sábado;0
918;26;8;2001;Domingo;1
950;27;8;2001;Lunes;0
919;28;8;2001;Martes;0
928;29;8;2001;Miércoles;0
965;30;8;2001;Jueves;0
975;31;8;2001;Viernes;0
915;1;9;2001;Sábado;0
828;2;9;2001;Domingo;1
825;3;9;2001;Lunes;0
844;4;9;2001;Martes;0
820;5;9;2001;Miércoles;0
848;6;9;2001;Jueves;0
893;7;9;2001;Viernes;0
904;8;9;2001;Sábado;0
896;9;9;2001;Domingo;1
999;10;9;2001;Lunes;0
983;11;9;2001;Martes;0
890;12;9;2001;Miércoles;0
844;13;9;2001;Jueves;0
839;14;9;2001;Viernes;0
793;15;9;2001;Sábado;0
791;16;9;2001;Domingo;1
821;17;9;2001;Lunes;0
713;18;9;2001;Martes;1
785;19;9;2001;Miércoles;1
895;20;9;2001;Jueves;0
898;21;9;2001;Viernes;1
783;22;9;2001;Sábado;0
730;23;9;2001;Domingo;1
782;24;9;2001;Lunes;0
843;25;9;2001;Martes;0
752;26;9;2001;Miércoles;0
769;27;9;2001;Jueves;0
757;28;9;2001;Viernes;0
659;29;9;2001;Sábado;1
672;30;9;2001;Domingo;1
738;1;10;2001;Lunes;0
723;2;10;2001;Martes;0
789;3;10;2001;Miércoles;0
682;4;10;2001;Jueves;0
664;5;10;2001;Viernes;0
611;6;10;2001;Sábado;0
644;7;10;2001;Domingo;1
667;8;10;2001;Lunes;0
740;9;10;2001;Martes;0
729;10;10;2001;Miércoles;0
729;11;10;2001;Jueves;0
752;12;10;2001;Viernes;1
708;13;10;2001;Sábado;0
602;14;10;2001;Domingo;1
620;15;10;2001;Lunes;0
629;16;10;2001;Martes;0
675;17;10;2001;Miércoles;0
737;18;10;2001;Jueves;0
736;19;10;2001;Viernes;0
717;20;10;2001;Sábado;0
711;21;10;2001;Domingo;1
750;22;10;2001;Lunes;0
805;23;10;2001;Martes;0
817;24;10;2001;Miércoles;0
810;25;10;2001;Jueves;0
719;26;10;2001;Viernes;0
687;27;10;2001;Sábado;0
660;28;10;2001;Domingo;1
611;29;10;2001;Lunes;0
572;30;10;2001;Martes;0
601;31;10;2001;Miércoles;1
522;1;11;2001;Jueves;1
602;2;11;2001;Viernes;0
658;3;11;2001;Sábado;0
631;4;11;2001;Domingo;1
714;5;11;2001;Lunes;0
669;6;11;2001;Martes;1
612;7;11;2001;Miércoles;0
603;8;11;2001;Jueves;0
614;9;11;2001;Viernes;0
559;10;11;2001;Sábado;0
567;11;11;2001;Domingo;1
595;12;11;2001;Lunes;0
676;13;11;2001;Martes;0
645;14;11;2001;Miércoles;0
678;15;11;2001;Jueves;0
635;16;11;2001;Viernes;0
585;17;11;2001;Sábado;0
592;18;11;2001;Domingo;1
681;19;11;2001;Lunes;0
685;20;11;2001;Martes;0
684;21;11;2001;Miércoles;0
749;22;11;2001;Jueves;0
700;23;11;2001;Viernes;1
629;24;11;2001;Sábado;0
642;25;11;2001;Domingo;1
719;26;11;2001;Lunes;0
730;27;11;2001;Martes;0
658;28;11;2001;Miércoles;0
599;29;11;2001;Jueves;0
621;30;11;2001;Viernes;0
612;1;12;2001;Sábado;0
602;2;12;2001;Domingo;1
620;3;12;2001;Lunes;0
640;4;12;2001;Martes;0
601;5;12;2001;Miércoles;0
686;6;12;2001;Jueves;0
624;7;12;2001;Viernes;0
532;8;12;2001;Sábado;1
513;9;12;2001;Domingo;1
563;10;12;2001;Lunes;0
515;11;12;2001;Martes;0
493;12;12;2001;Miércoles;0
530;13;12;2001;Jueves;0
545;14;12;2001;Viernes;0
508;15;12;2001;Sábado;0
527;16;12;2001;Domingo;1
567;17;12;2001;Lunes;0
577;18;12;2001;Martes;1
587;19;12;2001;Miércoles;0
599;20;12;2001;Jueves;0
579;21;12;2001;Viernes;0
721;22;12;2001;Sábado;0
648;23;12;2001;Domingo;1
607;24;12;2001;Lunes;0
468;25;12;2001;Martes;1
560;26;12;2001;Miércoles;0
612;27;12;2001;Jueves;0
554;28;12;2001;Viernes;0
526;29;12;2001;Sábado;0
466;30;12;2001;Domingo;1
523;31;12;2001;Lunes;0
430;1;1;2002;Martes;1
591;2;1;2002;Miércoles;0
580;3;1;2002;Jueves;0
584;4;1;2002;Viernes;0
532;5;1;2002;Sábado;0
467;6;1;2002;Domingo;1
535;7;1;2002;Lunes;0
597;8;1;2002;Martes;0
565;9;1;2002;Miércoles;0
521;10;1;2002;Jueves;0
512;11;1;2002;Viernes;0
479;12;1;2002;Sábado;0
526;13;1;2002;Domingo;1
513;14;1;2002;Lunes;0
473;15;1;2002;Martes;0
456;16;1;2002;Miércoles;0
439;17;1;2002;Jueves;0
463;18;1;2002;Viernes;0
482;19;1;2002;Sábado;0
456;20;1;2002;Domingo;1
570;21;1;2002;Lunes;0
575;22;1;2002;Martes;0
532;23;1;2002;Miércoles;0
574;24;1;2002;Jueves;0
612;25;1;2002;Viernes;0
478;26;1;2002;Sábado;0
473;27;1;2002;Domingo;1
541;28;1;2002;Lunes;0
550;29;1;2002;Martes;0
530;30;1;2002;Miércoles;0
504;31;1;2002;Jueves;0
504;1;2;2002;Viernes;0
561;2;2;2002;Sábado;0
490;3;2;2002;Domingo;1
529;4;2;2002;Lunes;0
436;5;2;2002;Martes;0
435;6;2;2002;Miércoles;0
438;7;2;2002;Jueves;0
473;8;2;2002;Viernes;0
511;9;2;2002;Sábado;0
488;10;2;2002;Domingo;1
530;11;2;2002;Lunes;0
572;12;2;2002;Martes;0
633;13;2;2002;Miércoles;0
635;14;2;2002;Jueves;0
546;15;2;2002;Viernes;0
450;16;2;2002;Sábado;0
370;17;2;2002;Domingo;1
449;18;2;2002;Lunes;0
425;19;2;2002;Martes;0
460;20;2;2002;Miércoles;0
559;21;2;2002;Jueves;0
631;22;2;2002;Viernes;0
585;23;2;2002;Sábado;0
457;24;2;2002;Domingo;1
546;25;2;2002;Lunes;0
612;26;2;2002;Martes;0
628;27;2;2002;Miércoles;0
616;28;2;2002;Jueves;0
607;1;3;2002;Viernes;0
609;2;3;2002;Sábado;0
555;3;3;2002;Domingo;1
629;4;3;2002;Lunes;0
625;5;3;2002;Martes;0
627;6;3;2002;Miércoles;0
656;7;3;2002;Jueves;0
635;8;3;2002;Viernes;0
731;9;3;2002;Sábado;0
680;10;3;2002;Domingo;1
756;11;3;2002;Lunes;0
746;12;3;2002;Martes;0
863;13;3;2002;Miércoles;0
795;14;3;2002;Jueves;0
761;15;3;2002;Viernes;0
636;16;3;2002;Sábado;0
613;17;3;2002;Domingo;1
704;18;3;2002;Lunes;0
687;19;3;2002;Martes;0
720;20;3;2002;Miércoles;0
623;21;3;2002;Jueves;0
745;22;3;2002;Viernes;0
759;23;3;2002;Sábado;0
715;24;3;2002;Domingo;1
809;25;3;2002;Lunes;0
753;26;3;2002;Martes;0
758;27;3;2002;Miércoles;0
774;28;3;2002;Jueves;0
690;29;3;2002;Viernes;1
635;30;3;2002;Sábado;0
528;31;3;2002;Domingo;1
684;1;4;2002;Lunes;0
718;2;4;2002;Martes;0
696;3;4;2002;Miércoles;0
724;4;4;2002;Jueves;0
779;5;4;2002;Viernes;0
663;6;4;2002;Sábado;0
676;7;4;2002;Domingo;1
758;8;4;2002;Lunes;0
776;9;4;2002;Martes;0
824;10;4;2002;Miércoles;0
739;11;4;2002;Jueves;0
762;12;4;2002;Viernes;0
683;13;4;2002;Sábado;0
642;14;4;2002;Domingo;1
715;15;4;2002;Lunes;0
773;16;4;2002;Martes;0
853;17;4;2002;Miércoles;0
881;18;4;2002;Jueves;0
836;19;4;2002;Viernes;0
835;20;4;2002;Sábado;0
726;21;4;2002;Domingo;1
778;22;4;2002;Lunes;0
797;23;4;2002;Martes;0
729;24;4;2002;Miércoles;0
790;25;4;2002;Jueves;0
817;26;4;2002;Viernes;0
825;27;4;2002;Sábado;0
754;28;4;2002;Domingo;1
839;29;4;2002;Lunes;0
879;30;4;2002;Martes;0
841;1;5;2002;Miércoles;1
942;2;5;2002;Jueves;0
903;3;5;2002;Viernes;0
902;4;5;2002;Sábado;0
861;5;5;2002;Domingo;1
941;6;5;2002;Lunes;0
968;7;5;2002;Martes;0
938;8;5;2002;Miércoles;0
904;9;5;2002;Jueves;0
937;10;5;2002;Viernes;0
999;11;5;2002;Sábado;0
928;12;5;2002;Domingo;1
972;13;5;2002;Lunes;0
968;14;5;2002;Martes;0
968;15;5;2002;Miércoles;0
933;16;5;2002;Jueves;0
938;17;5;2002;Viernes;0
935;18;5;2002;Sábado;0
854;19;5;2002;Domingo;1
964;20;5;2002;Lunes;0
904;21;5;2002;Martes;1
985;22;5;2002;Miércoles;0
990;23;5;2002;Jueves;0
964;24;5;2002;Viernes;0
944;25;5;2002;Sábado;0
867;26;5;2002;Domingo;1
894;27;5;2002;Lunes;0
954;28;5;2002;Martes;0
950;29;5;2002;Miércoles;0
968;30;5;2002;Jueves;0
1032;31;5;2002;Viernes;1
1007;1;6;2002;Sábado;0
1007;2;6;2002;Domingo;1
1087;3;6;2002;Lunes;0
1037;4;6;2002;Martes;0
1029;5;6;2002;Miércoles;0
1072;6;6;2002;Jueves;0
1090;7;6;2002;Viernes;0
1062;8;6;2002;Sábado;0
1048;9;6;2002;Domingo;1
1053;10;6;2002;Lunes;0
1054;11;6;2002;Martes;0
1036;12;6;2002;Miércoles;0
1071;13;6;2002;Jueves;0
1014;14;6;2002;Viernes;0
943;15;6;2002;Sábado;0
984;16;6;2002;Domingo;1
1183;17;6;2002;Lunes;0
1222;18;6;2002;Martes;0
1221;19;6;2002;Miércoles;0
1183;20;6;2002;Jueves;1
1147;21;6;2002;Viernes;0
1066;22;6;2002;Sábado;0
944;23;6;2002;Domingo;1
1068;24;6;2002;Lunes;0
1031;25;6;2002;Martes;0
1014;26;6;2002;Miércoles;0
1045;27;6;2002;Jueves;0
1056;28;6;2002;Viernes;0
940;29;6;2002;Sábado;1
885;30;6;2002;Domingo;1
909;1;7;2002;Lunes;0
913;2;7;2002;Martes;0
940;3;7;2002;Miércoles;0
949;4;7;2002;Jueves;0
989;5;7;2002;Viernes;0
969;6;7;2002;Sábado;0
966;7;7;2002;Domingo;1
1010;8;7;2002;Lunes;0
1006;9;7;2002;Martes;0
1077;10;7;2002;Miércoles;0
1025;11;7;2002;Jueves;0
935;12;7;2002;Viernes;0
980;13;7;2002;Sábado;0
917;14;7;2002;Domingo;1
960;15;7;2002;Lunes;0
953;16;7;2002;Martes;1
992;17;7;2002;Miércoles;0
953;18;7;2002;Jueves;0
930;19;7;2002;Viernes;0
884;20;7;2002;Sábado;0
843;21;7;2002;Domingo;1
931;22;7;2002;Lunes;0
899;23;7;2002;Martes;0
964;24;7;2002;Miércoles;0
1013;25;7;2002;Jueves;0
964;26;7;2002;Viernes;0
947;27;7;2002;Sábado;0
949;28;7;2002;Domingo;1
1057;29;7;2002;Lunes;0
1043;30;7;2002;Martes;0
972;31;7;2002;Miércoles;0
940;1;8;2002;Jueves;0
945;2;8;2002;Viernes;0
917;3;8;2002;Sábado;0
868;4;8;2002;Domingo;1
1022;5;8;2002;Lunes;0
1075;6;8;2002;Martes;0
1097;7;8;2002;Miércoles;0
975;8;8;2002;Jueves;0
968;9;8;2002;Viernes;0
904;10;8;2002;Sábado;0
895;11;8;2002;Domingo;1
931;12;8;2002;Lunes;0
940;13;8;2002;Martes;0
904;14;8;2002;Miércoles;0
872;15;8;2002;Jueves;1
1008;16;8;2002;Viernes;0
928;17;8;2002;Sábado;0
835;18;8;2002;Domingo;1
882;19;8;2002;Lunes;0
910;20;8;2002;Martes;0
875;21;8;2002;Miércoles;0
907;22;8;2002;Jueves;0
894;23;8;2002;Viernes;0
998;24;8;2002;Sábado;0
947;25;8;2002;Domingo;1
997;26;8;2002;Lunes;0
998;27;8;2002;Martes;0
984;28;8;2002;Miércoles;0
990;29;8;2002;Jueves;0
996;30;8;2002;Viernes;0
954;31;8;2002;Sábado;0
829;1;9;2002;Domingo;1
910;2;9;2002;Lunes;0
938;3;9;2002;Martes;0
940;4;9;2002;Miércoles;0
954;5;9;2002;Jueves;0
937;6;9;2002;Viernes;0
890;7;9;2002;Sábado;0
859;8;9;2002;Domingo;1
955;9;9;2002;Lunes;0
913;10;9;2002;Martes;0
937;11;9;2002;Miércoles;0
961;12;9;2002;Jueves;0
919;13;9;2002;Viernes;0
903;14;9;2002;Sábado;0
873;15;9;2002;Domingo;1
878;16;9;2002;Lunes;0
890;17;9;2002;Martes;0
782;18;9;2002;Miércoles;1
798;19;9;2002;Jueves;1
791;20;9;2002;Viernes;0
731;21;9;2002;Sábado;1
693;22;9;2002;Domingo;1
793;23;9;2002;Lunes;0
824;24;9;2002;Martes;0
867;25;9;2002;Miércoles;0
827;26;9;2002;Jueves;0
766;27;9;2002;Viernes;0
755;28;9;2002;Sábado;0
760;29;9;2002;Domingo;1
757;30;9;2002;Lunes;0
856;1;10;2002;Martes;0
789;2;10;2002;Miércoles;0
807;3;10;2002;Jueves;0
943;4;10;2002;Viernes;0
804;5;10;2002;Sábado;0
777;6;10;2002;Domingo;1
807;7;10;2002;Lunes;0
783;8;10;2002;Martes;0
764;9;10;2002;Miércoles;0
842;10;10;2002;Jueves;0
816;11;10;2002;Viernes;0
784;12;10;2002;Sábado;1
661;13;10;2002;Domingo;1
688;14;10;2002;Lunes;0
756;15;10;2002;Martes;0
697;16;10;2002;Miércoles;0
738;17;10;2002;Jueves;0
903;18;10;2002;Viernes;0
798;19;10;2002;Sábado;0
733;20;10;2002;Domingo;1
747;21;10;2002;Lunes;1
845;22;10;2002;Martes;0
825;23;10;2002;Miércoles;0
766;24;10;2002;Jueves;0
748;25;10;2002;Viernes;0
753;26;10;2002;Sábado;0
625;27;10;2002;Domingo;1
769;28;10;2002;Lunes;0
787;29;10;2002;Martes;0
725;30;10;2002;Miércoles;0
793;31;10;2002;Jueves;1
689;1;11;2002;Viernes;1
625;2;11;2002;Sábado;0
613;3;11;2002;Domingo;1
721;4;11;2002;Lunes;0
666;5;11;2002;Martes;0
539;6;11;2002;Miércoles;1
580;7;11;2002;Jueves;0
576;8;11;2002;Viernes;0
563;9;11;2002;Sábado;0
523;10;11;2002;Domingo;1
605;11;11;2002;Lunes;0
592;12;11;2002;Martes;0
660;13;11;2002;Miércoles;0
653;14;11;2002;Jueves;0
664;15;11;2002;Viernes;0
646;16;11;2002;Sábado;0
573;17;11;2002;Domingo;1
633;18;11;2002;Lunes;0
690;19;11;2002;Martes;0
705;20;11;2002;Miércoles;0
660;21;11;2002;Jueves;0
798;22;11;2002;Viernes;0
663;23;11;2002;Sábado;1
601;24;11;2002;Domingo;1
675;25;11;2002;Lunes;0
712;26;11;2002;Martes;0
659;27;11;2002;Miércoles;0
639;28;11;2002;Jueves;0
694;29;11;2002;Viernes;0
633;30;11;2002;Sábado;0
611;1;12;2002;Domingo;1
632;2;12;2002;Lunes;0
662;3;12;2002;Martes;0
502;4;12;2002;Miércoles;0
502;5;12;2002;Jueves;0
550;6;12;2002;Viernes;0
470;7;12;2002;Sábado;0
462;8;12;2002;Domingo;1
478;9;12;2002;Lunes;0
499;10;12;2002;Martes;0
511;11;12;2002;Miércoles;0
505;12;12;2002;Jueves;0
519;13;12;2002;Viernes;0
464;14;12;2002;Sábado;0
479;15;12;2002;Domingo;1
517;16;12;2002;Lunes;0
522;17;12;2002;Martes;0
524;18;12;2002;Miércoles;1
547;19;12;2002;Jueves;0
544;20;12;2002;Viernes;0
526;21;12;2002;Sábado;0
492;22;12;2002;Domingo;1
580;23;12;2002;Lunes;0
583;24;12;2002;Martes;0
489;25;12;2002;Miércoles;1
531;26;12;2002;Jueves;0
663;27;12;2002;Viernes;0
522;28;12;2002;Sábado;0
482;29;12;2002;Domingo;1
521;30;12;2002;Lunes;0
521;31;12;2002;Martes;0
